qseqid sseqid pident length mismatch gapopen qstart qend sstart send evalue bitscore qlen slen qseq sseq
query	SD19_contig001	80.000	5	1	0	1	5	698165	698151	38	18.9	5	8163777	IWPPY	VWPPY
query	SD19_contig001	100.000	4	0	0	1	4	1245520	1245509	159	16.9	5	8163777	IWPP	IWPP
query	SD19_contig001	100.000	4	0	0	1	4	7627912	7627901	183	16.5	5	8163777	IWPP	IWPP
query	SD19_contig001	100.000	5	0	0	1	5	615616	615602	202	16.5	5	8163777	IWPPY	IWPPY
query	SD19_contig001	75.000	4	1	0	1	4	633576	633587	245	16.2	5	8163777	IWPP	VWPP
query	SD32_contig001	100.000	4	0	0	2	5	3027997	3027986	72	18.1	5	8095853	WPPY	WPPY
query	SD32_contig001	60.000	5	2	0	1	5	1113985	1113999	101	17.7	5	8095853	IWPPY	VWPPF
query	SD32_contig001	100.000	4	0	0	2	5	7357666	7357655	127	17.3	5	8095853	WPPY	WPPY
query	SD32_contig001	100.000	4	0	0	2	5	898852	898863	155	16.9	5	8095853	WPPY	WPPY
query	SD32_contig001	100.000	4	0	0	1	4	1642138	1642149	159	16.9	5	8095853	IWPP	IWPP
query	SD28_contig001	100.000	4	0	0	2	5	6790407	6790396	133	17.3	5	8582776	WPPY	WPPY
query	SD28_contig001	75.000	4	1	0	1	4	8330461	8330450	245	16.2	5	8582776	IWPP	VWPP
query	SD28_contig001	75.000	4	1	0	1	4	2958046	2958057	245	16.2	5	8582776	IWPP	VWPP
query	SD28_contig001	75.000	4	1	0	1	4	3945079	3945068	270	16.2	5	8582776	IWPP	VWPP
query	SD28_contig001	100.000	4	0	0	2	5	3747315	3747304	307	15.8	5	8582776	WPPY	WPPY
query	OGSG3_contig001	100.000	4	0	0	2	5	5254203	5254214	229	16.5	5	5734241	WPPY	WPPY
query	OGSG3_contig001	75.000	4	1	0	1	4	2816750	2816739	245	16.2	5	5734241	IWPP	VWPP
query	OGSG3_contig001	75.000	4	1	0	1	4	773243	773232	245	16.2	5	5734241	IWPP	VWPP
query	OGSG3_contig001	100.000	4	0	0	2	5	4345477	4345466	270	16.2	5	5734241	WPPY	WPPY
query	OGSG3_contig001	100.000	4	0	0	2	5	2205879	2205890	277	16.2	5	5734241	WPPY	WPPY
query	OG23_contig001	75.000	4	1	0	1	4	4415070	4415081	245	16.2	5	7791227	IWPP	VWPP
query	OG23_contig001	75.000	4	1	0	1	4	6032840	6032829	288	16.2	5	7791227	IWPP	VWPP
query	OG23_contig001	100.000	4	0	0	2	5	4182038	4182049	307	15.8	5	7791227	WPPY	WPPY
query	OG23_contig001	75.000	4	1	0	1	4	6835650	6835661	327	15.8	5	7791227	IWPP	LWPP
query	OG23_contig001	100.000	4	0	0	1	4	872748	872759	371	15.8	5	7791227	IWPP	IWPP
